21.4
25.9
1.7
0.9
0.9
0.2
0.3
0.4
0.3
0.2
1
0.2
0.3
0.3
0.2
0.2
0.3
0.1
0.3
0.2
0.2
0.2
0.4
0.1
0.6
0.3
0.5
2.6
0.9
0.7
0.1
0.4
0.1
0.4
0.3
0.2
0.3
0.2
0.2
0.1
0.3
0.4
0.6
0.2
0.2
0.5
0.1
0.3
0.3
0.3
0.3
0.3
1.6
1.7
1.2
0.7
0.2
0.3
0.3
0.3
1.3
0.2
0.2
0.2
0.8
0.3
0.3
0.7
0.3
0.4
0.2
0.2
0.2
0.1
0.2
0.1
0.3
0.3
2.4
0.6
0.3
0.3
0.1
0.1
0.3
0.4
0.2
0.2
0.2
0.2
0.3
0.3
0.6
0
0.2
0.2
0.2
0.2
2.5
10.8
12.2
2.5
6.1
11
23.9
8.6
2.7
0.3
0.2
0.2
0.2
0.9
0.2
0.4
0.1
0.3
0.3
0.3
0.3
0.3
0.2
0.4
0.2
0.1
0.1
0.3
0.3
0.2
0.3
1.2
0.5
0.4
0.2
0.3
0.3
0.3
0.5
0.3
0.1
0.7
0.3
0.4
0.6
0
0
0.3
0.6
0.1
0.3
0.2
0.2
0.2
0.1
0.2
2
4
7.8
0.2
0.5
0.2
0.1
1.3
0.2
0.2
0.4
0.3
0.5
1.1
0.2
0.3
0.1
0.1
0.2
0.2
0.4
0.2
0.4
0.2
0.2
1.8
0.6
0.6
0.2
0.4
0.1
0.3
0.3
0.2
0.4
0.1
0.1
0.2
0.2
0.7
0.6
0.2
0.5
0.2
0.1
0.1
0.3
0.4
0.1
0.3
0.3
2.2
0.6
0.6
0.2
0.2
0.2
3
0.9
3.6
0.1
0.1
4.6
0.1
8.1
5.9
0.1
0.3
0.2
0.2
0.3
0.2
0.2
0.4
0.3
0.5
2
0.9
0.6
0.2
0.3
0.2
0.3
0.4
0.2
0.3
8
0.3
0.1
0.7
0.2
0.1
0.2
0.2
0.2
0.1
0.2
0.1
0.2
0.2
0.5
1.8
0.6
0.7
0.3
0.2
0.3
0.2
0.5
0.9
0.2
0.2
0.4
0.3
0.3
0.3
0.2
0.1
0.3
0.4
0.2
0.1
0.3
0.3
0.2
0.3
0.1
2.3
0.7
0.7
0.2
0.1
0.4
0.4
0.2
0.5
0
0.2
1
0.4
0.6
0.1
0.2
0.3
0.6
0.1
0.3
0.2
0.2
0.1
0.3
0.2
1.8
0.7
0.4
0.5
0.1
0.3
0.3
0.2
1.6
0.2
0.3
0.2
0.5
0.2
0.2
0.4
0.2
0.2
0.2
0.3
0.3
0.3
0.3
0.4
0.2
1.5
0.8
0.4
0.3
0.2
0.2
0.4
0.3
0.5
0.4
0.3
0.1
0
0.2
0.3
0.2
0.2
0.1
0.3
0.3
0.7
0.3
0.1
0.3
0.2
0
2.1
0.7
0.3
0.1
0.2
0.2
0.1
1.2
0.1
0.3
0.3
0.3
0.2
0.3
0
0.6
0.3
0.2
0.2
0.1
0.1
0.4
0.5
0.6
0.2
1.6
1
0.4
0.4
0.3
0.3
0.2
0.4
0.3
0.2
0.3
0.2
0.1
0.7
0.2
0.1
0.2
0.2
0.2
0.1
0.4
0.1
0.1
0.5
0.3
0.2
0.7
1.4
17.2
0.2
0.3
0.4
1.5
1.1
0.3
0.2
0.2
0.2
0.2
0.5
0.1
0.2
0.3
0.2
0.4
0.3
0.2
0.3
0.1
0.1
0.2
2.8
0.4
0.6
0
1.4
0.3
0.1
0.2
0.1
0.1
0.1
0.1
0.1
12.5
11.2
