13.4
5
0
0
6.2
0
9
23.6
4.2
13.6
26.9
15
7.2
10
6.2
0
13.3
0
6.2
6.2
6.2
4.5
4
16.6
16.7
17.7
4.5
15
16
5.3
5.9
0
5.3
0
11.8
0
21.7
4.8
5.3
8.6
10.6
0
16
15
16
0
0
13.6
0
6.2
13.6
0
0
4.3
0
15
5.3
15
11.8
18.5
4
8
13.6
0
9.5
4.3
5.3
9
11.8
11.8
0
11.8
12.5
15.8
12.4
33.4
0
12.5
10.5
3.8
11.8
15
10.7
10.6
0
5.3
0
16.7
5
7.6
5.3
10
0
5.9
14.3
10.6
0
5.6
14.2
5
16.7
0
16.7
0
13
20
17.7
0
0
11.8
9.5
17.7
13
6.2
20
9
12
0
10.5
17.3
5.3
15.8
4.5
0
5.6
14.3
0
0
6.7
11.8
4.5
0
10.6
0
8.4
21.4
8.6
10
5.9
9
0
14.3
6.2
5.6
15.8
8
0
15
21.7
0
33.3
5.9
11.2
14.3
15.8
0
21
0
0
21.7
5.3
4.5
22.7
13.3
11.8
5.3
12.5
13.6
21
13.5
5.3
8.4
0
5.6
0
5.9
5
0
5.9
5.6
5
4.8
16.7
22.3
5.6
0
4.3
6.2
0
6.2
14.3
11.5
0
6.2
11.8
0
13
0
10
11.2
0
8.7
6.2
5
10
0
5.9
11.2
0
5.3
5.3
4.5
10.5
0
0
5.3
0
0
5.6
0
5.6
11.8
12.4
10
0
12.4
0
5.6
10
5.6
11.1
4.3
5
6.2
0
6.2
14.3
6.2
5.3
5.3
5.3
4.2
0
11.2
6.2
8
6.7
6.7
5.9
4.3
0
5.6
0
4.5
5.3
0
5.9
5.6
10
6.2
14.3
5.3
5.6
8
13
0
11.5
6.7
4.5
14.3
0
11.8
4.3
11.2
5.9
11.8
6.2
5.9
11.1
5.9
6.2
0
6.2
5.6
11.2
4.8
6.2
8
5.9
5.9
15
19.1
5
13.4
0
0
5
0
0
5.9
20
0
10.6
11.8
5.9
4.5
11.8
10.6
11.2
0
4.8
0
11.8
8.6
8.7
0
7.7
12.4
13
0
5.9
5.9
0
0
0
5.9
0
5.6
5.3
5.3
5.9
12.5
0
5.9
0
6.7
11.8
17.7
11.8
18.7
26.3
15.8
10
5.9
27.8
0
